6.050315700629924631e-01
6.585132164999525362e-01
6.876406396957154277e-01
6.687201556373150169e-01
6.485277011673501457e-01
5.908908845183062919e-01
5.689073533533101079e-01
5.554769253952706043e-01
5.405188938008343991e-01
5.126031927883307748e-01
5.236046392708382236e-01
4.964792120290246191e-01
4.367693363381747740e-01
4.194058499923173922e-01
4.842990003724364501e-01
3.787488654005697897e-01
3.392127766973646041e-01
3.406938854708680409e-01
3.680264692605479948e-01
3.231032924228743886e-01
2.943622502597405544e-01
3.108164298891812893e-01
3.051747650307778947e-01
4.680850678197841508e-01
2.654622150016911486e-01
2.782217812380119448e-01
2.565546032903047724e-01
4.488123427578644131e-01
2.882308123207235062e-01
2.534771136967158833e-01
3.855628114357154690e-01
2.550640004319188470e-01
2.393587726624088197e-01
2.237602650101836455e-01
3.327113935080520113e-01
2.347192924972524575e-01
2.400763310294504183e-01
2.445405382499921676e-01
2.543726505332367105e-01
2.821116628609238730e-01
2.802375953572064371e-01
2.420325940401970022e-01
2.875721323815575436e-01
2.122713496747429540e-01
2.252343463275811863e-01
3.963231491395569628e-01
2.351918539916368900e-01
2.319140267223082641e-01
2.532759131185656210e-01
1.995020747895480118e-01
2.248829933052567120e-01
2.403859588673011305e-01
2.121190887139232095e-01
1.951795810448208879e-01
2.091044431620096566e-01
1.967588911724284240e-01
2.141064306470941425e-01
1.979449673608616178e-01
2.071074637267090734e-01
1.959435801754577655e-01
1.936662116182449322e-01
1.720098165867463558e-01
2.328029513146272211e-01
3.382497327287591893e-01
2.255610132647161981e-01
2.063380743504162618e-01
2.145282922376398060e-01
2.250587032725734071e-01
2.520520880990513302e-01
2.172130714880992908e-01
2.374323910762347889e-01
2.722837789023241917e-01
1.900501061689747750e-01
2.370059251013717228e-01
2.644711422313060223e-01
1.929882742862049638e-01
2.449741846073091867e-01
1.858167559991109608e-01
2.252263400627503298e-01
2.297242419365713717e-01
2.324594901478354014e-01
2.256240721899109569e-01
2.183695453765306105e-01
2.307460671258245721e-01
2.369336528119016794e-01
2.484747814243669362e-01
2.177169252608245065e-01
2.314035602451421092e-01
2.393722717781511522e-01
2.215351063146335231e-01
2.596238616160723711e-01
2.313366562341391819e-01
2.440987510081539247e-01
3.081245729569692671e-01
2.334244425202241791e-01
2.308407529663453195e-01
2.333401688448886735e-01
2.623767605450182949e-01
2.249304763599672963e-01
2.526804825682391065e-01
2.490594719205548868e-01
2.206107660158329320e-01
2.576195132402217536e-01
2.339504305285678987e-01
2.506651192386180615e-01
2.773912428900540128e-01
2.341425771946694379e-01
2.471378398546763278e-01
2.343843012368256873e-01
2.465030202639606205e-01
2.339617727272351178e-01
2.446230135211836521e-01
2.681741966271037891e-01
2.249486263441367873e-01
2.221745071905427416e-01
2.566976117594365614e-01
2.326105593405217997e-01
2.515629257312034794e-01
2.427731664207153361e-01
2.445461341276507217e-01
2.518450633890213508e-01
2.375594909927093989e-01
2.435209271510409001e-01
2.557131467372218414e-01
2.455036865740499175e-01
2.427221355969680638e-01
2.289736225592353958e-01
2.316449669956358315e-01
2.616073108238584077e-01
2.444293540890825345e-01
2.459508000279806428e-01
2.474959022555923704e-01
2.636050446469218045e-01
2.764760084938507889e-01
2.379948031479255099e-01
2.325802434361514959e-01
2.581157915317701113e-01
2.785243710262720884e-01
2.559264060555699882e-01
2.679250763971953164e-01
2.604908805131228577e-01
2.583937050503470334e-01
2.538964701779286015e-01
2.469334432358625542e-01
2.562612947385206619e-01
2.502067563349401058e-01
2.506267601302245573e-01
2.534377603901993292e-01
2.764651731154794678e-01
2.605397292026417899e-01
2.825163258190088178e-01
2.794348161687400522e-01
2.609327881511219194e-01
2.642427471694239194e-01
2.552311891055804582e-01
2.758912588039318936e-01
2.464165338923484661e-01
3.001782384835049444e-01
2.510304679595487531e-01
2.519264700426224746e-01
2.563657755988273390e-01
2.704176091666235515e-01
2.830255343975063287e-01
2.535274554698031535e-01
2.595517453935710650e-01
2.774920682422816753e-01
2.750006091565468380e-01
2.491847787131654390e-01
3.054713376542612657e-01
2.564379943514916715e-01
2.701675462204606304e-01
2.614370496359039731e-01
2.650840496384736511e-01
2.562068020181849093e-01
2.714181245141167320e-01
2.619231143431302034e-01
2.597443597351616895e-01
2.443633246075768706e-01
2.515200298743404672e-01
2.772066584946755730e-01
2.740297123958218006e-01
2.487063100165192164e-01
2.735048378639756694e-01
2.766620898253948080e-01
2.609040805653575767e-01
2.745900973287520030e-01
2.672018989142862511e-01
2.761810271743130318e-01
2.990973346341559980e-01
2.745167345918239632e-01
2.818306734507615707e-01
2.671279745378303816e-01
2.683070528796537291e-01
2.681910491231432880e-01
2.910025771132573325e-01
2.760888732058873196e-01
2.640864461204631697e-01
2.660613164919963802e-01
2.732825912909341293e-01
2.694040246783419024e-01
2.741851571134905630e-01
2.728172592136944852e-01
2.669391198119188680e-01
2.566353064079947566e-01
2.744765182773761247e-01
2.476488723790283841e-01
2.683368102670856126e-01
2.518412800125278683e-01
2.649768978986453138e-01
2.771981104848004751e-01
2.472241922195609343e-01
2.666678708478757431e-01
2.733230985099811550e-01
2.523750365028118448e-01
2.790909493342041969e-01
2.721389808711853209e-01
2.555832296314080043e-01
2.502223508075830938e-01
2.551685716719069297e-01
2.703007550989376950e-01
2.514591726932838278e-01
2.731434639984187118e-01
3.107824214830737231e-01
2.524305342186438650e-01
2.482571245562483209e-01
2.548457096667234301e-01
2.411551703946625269e-01
2.433805356019131672e-01
2.403476967852800350e-01
2.493894935155657744e-01
2.617364899265243183e-01
2.576069154995221377e-01
2.645333330993132614e-01
2.380568694838501032e-01
2.600925063472575571e-01
2.559888598068240650e-01
2.395503247107045874e-01
2.614175391561807671e-01
2.447124544253691802e-01
2.228502726171195381e-01
2.448526108190953177e-01
2.274379323798131347e-01
2.681628696413004831e-01
2.446817589943554860e-01
2.562229818222911959e-01
2.425246760822905578e-01
2.389058035990471729e-01
2.370727087837426195e-01
2.430814059966422136e-01
2.410515436925456945e-01
2.253442002782979625e-01
2.459640901813164582e-01
2.487641009081036081e-01
2.403675162204308435e-01
2.504342623560273373e-01
2.416064162528702153e-01
2.334030776343989921e-01
2.727320779640746151e-01
2.283308570517197378e-01
2.226848428637938637e-01
2.401591024331827806e-01
2.457081451714831499e-01
2.239721068958231698e-01
2.415286535541530111e-01
2.411952949933618973e-01
2.140352515840625580e-01
2.292187750312262018e-01
2.270691096386384666e-01
2.242646454635294218e-01
2.423677629236369591e-01
2.263949773239685159e-01
2.192024378401835338e-01
2.368691613839154220e-01
2.199567799347123265e-01
2.165464956283648656e-01
2.302536002856907238e-01
2.321144490839636143e-01
2.150967691452515262e-01
2.298529839005842568e-01
2.142687706539018466e-01
2.238610643280287416e-01
2.088405061859954504e-01
2.702732975915786984e-01
2.328081894467802782e-01
2.157797762485710868e-01
2.190650816154765257e-01
2.124154576771654923e-01
2.250739173897911560e-01
2.155627663311687203e-01
2.307963552975320076e-01
2.078586460872642594e-01
2.211338635139288578e-01
2.149382232413242777e-01
2.185862910510161516e-01
2.219332775071342634e-01
2.095949621561498666e-01
