4.556068007538958131e-01
6.187929627371997476e-01
6.574220468358296099e-01
8.486951764036969603e-01
7.835751655625133871e-01
1.120881927449528748e+00
2.675031805183829547e-01
4.353127414133490802e-01
4.955488058125100403e-01
5.224072260827552494e-01
5.710930133738169046e-01
2.591180273490708008e-01
6.411194361564589439e-01
6.063385300519989585e+00
7.162336837954637048e-01
3.436330707925485672e-01
4.673287275179130451e-01
3.981242194408323720e-01
4.280031217580161362e-01
8.090349857400103151e-01
2.683147195096286519e-01
5.449327990049268600e-01
2.733879369944788307e-01
1.827542558965477570e-01
7.828575632557636110e-01
2.340758205845770434e-01
1.032175613959070093e+00
1.281134414830154278e-01
3.568650146083133801e-01
4.638580501352141394e-01
2.518484664672031581e-01
1.486405717163551188e+00
8.466750492409962359e-01
3.502234770723323121e-01
2.338197866409290060e-01
5.469433676178862003e-01
3.175658196120000332e-01
2.396838400376642697e-01
5.142211103584708454e-01
3.528960239090360718e-01
5.209881885022651371e-01
7.910219624155372109e-02
2.594211391988210380e-01
1.618560853800395660e-01
1.181909515314434472e-01
6.767339501075628760e-01
5.468505478305060175e-01
3.198444515625696316e-01
1.813203736730828464e-01
4.131091613231635540e-01
6.410060168411468862e-02
4.542672586877171681e-01
1.535097348713883869e-01
3.583079036644648552e-01
5.023044188302464574e-01
1.988026033469373621e-01
2.611687912090351893e-01
3.959521876136133656e-02
6.854922785537271857e-01
8.031726974003526587e-02
2.482916256125374810e-01
9.489752967535268480e-02
7.597800951178480533e-01
1.498009817562599710e-01
1.164482823039246079e-01
7.819747016853909050e-02
3.175537258204890190e-01
3.513873334201734200e-01
3.526596199471230819e-01
8.138766016913350221e-01
6.495286631518577825e-02
2.240440556921473592e-01
1.490743356506998962e+00
8.198880960760394909e-02
3.441778219691136731e-01
1.484939202271384484e-01
1.358654850003559456e-01
4.608853441519696892e-01
3.384862075809662030e-01
1.500140773693224572e-01
3.628265407538359688e-01
3.281945201329441314e-02
2.155849400839609242e-01
9.262298724516079829e-02
4.885940719623027562e-01
3.073248935017944827e-01
3.089035091830826252e-01
1.083337400369800418e-01
1.873313374724369929e-01
2.399922656803959720e-01
1.195504213115427539e-01
3.640987225109001413e-01
5.319246735151220706e-01
4.406500213393351184e-01
1.888945218894017286e-01
1.995185488357958392e-01
1.657359560315565250e-01
2.433996409995526911e-01
5.414200197996162922e-01
3.579637213218275771e-01
2.885961482165063097e-01
2.728399092831262918e-01
2.210680243173023529e-01
5.317347977628431588e-01
9.787995222865081280e-01
2.392765826023206532e-01
3.388892011149082228e-01
3.961092856735354273e-01
2.641014081494110211e-01
6.201854976967385857e-02
1.296244324337571807e-01
1.400225044159990884e-01
9.174278452052277155e-02
2.825998469460301310e-01
2.862775927727542191e-01
3.478253377947910785e-01
3.966948480867757976e-01
1.854542292336501808e-01
1.634364986122108787e-01
6.361317216623120219e-01
1.781968124574277446e-01
1.954491731267785914e-01
2.372119170500011087e-01
4.232388310497853801e-01
4.517792422415279896e-01
2.537227252089395702e-01
2.922795048074388058e-01
5.244177648933922020e-01
3.476015844840376068e-01
5.178968830988174288e-01
2.118672446990896852e-01
6.611577165199489237e-01
7.292902494621712473e-01
1.033595661326061621e-01
1.034448899873873007e+00
1.191297871608673203e-01
3.954944372540566966e-01
2.138378394358768642e-01
3.699882063196926474e-01
4.024297733132431998e-01
1.353075121237216072e-01
8.442818409785991518e-01
3.653601623065209081e-01
2.781572514125777995e-01
4.643384997801082714e-01
1.692062074931838245e-01
2.219855793547339529e-01
3.194974821242617669e-01
2.145798901641150780e-01
1.525914780681998373e-01
4.127933828205597178e-01
5.250530919832426813e-01
3.213090882068727061e-01
6.287665018221226809e-01
3.023092631341480763e-01
3.658589260970673829e-01
3.467213137120735422e-01
8.794070743365077492e-02
1.931554372307046630e-01
5.639595390161181165e-02
4.705731530741947277e-01
3.154517871941008300e-01
1.126941343564994424e-01
6.946033333859792380e-01
4.002068784178757221e-01
3.441637198372585194e-01
1.480895697320925020e-01
9.716851980220980733e-01
3.292039287526433156e-01
1.268153049596925985e+00
7.780356270826614962e-01
3.580367031348187790e-01
1.565189976926620319e-01
5.116873834191298931e-01
1.445175326179440334e-01
1.073376948287742411e-01
3.075505329250562414e-01
1.564987445287065737e-01
2.157623363068190969e-01
1.797413867782934882e-01
1.848537534838769480e-01
5.174588793661536457e-01
1.971327022126898587e-01
3.882107739223212839e-01
2.379594477029835231e-01
2.985015051757416993e-01
6.289145270498787132e-01
2.546800374984741211e+00
2.271820046816861727e-01
8.096604717940818485e-01
3.095938463400049745e-01
1.375898341989008344e-01
2.180070062054366709e-01
7.529329930136843263e-01
2.692707654361317648e-01
2.509218781224332728e-01
1.817874225628812179e-01
4.268492125883335264e-01
3.245698823636147812e-01
3.466112633667340903e-01
2.092443852708107122e-01
3.988391835151648968e-01
1.199655677073013377e-01
2.651150304733252971e-01
6.102848278313148800e-01
1.424821035495381083e-01
1.055740615546067324e-01
2.031567221189417571e-01
2.752540508809033781e-01
2.061671500451644212e-01
1.976158008115684039e-01
5.144448821864476828e-01
5.005149052637379858e-01
2.374250589211176210e-01
1.119309687680314913e-01
2.835271910923283234e-01
2.809740583435064165e-01
2.043027494193667415e-01
2.746268381796231894e-01
1.666588052516666807e-01
5.696478566018546852e-01
5.579463087204026284e-01
1.717863901427424400e-01
5.128971211067060443e-01
2.255697657876625239e-01
2.379217718432589390e-01
3.287142293482291922e-01
2.171908170439121322e-01
3.057758884459007009e-01
5.199145282187113137e-01
2.791438611201578768e-01
4.722049841430129291e-01
4.982997535901121516e-02
1.438655669959943428e-01
1.636855149323620529e-01
3.245437444164985807e-01
7.717244259831381736e-01
2.325246817568634994e-01
2.247545447501513027e-01
3.565862971108134105e-01
1.108767836718115851e-01
4.593875726696285411e-01
2.547132865094193788e-01
2.753561025836062104e-01
1.284717325371031449e-01
2.449390056440833852e-01
1.607073450052156627e-01
4.687135418558993072e-01
2.113626709253322855e-01
1.254691323038281403e-01
3.220605997754851235e-01
2.884343067502103120e-01
1.165056802877565689e-01
8.466155710743694662e-01
2.230491152987247594e-01
1.260491603391711846e-01
1.666050817908310222e+00
9.445109728882770950e-02
1.480382619107641906e-01
2.085806943657921575e-01
2.525592159207274423e-01
1.922284198879468664e-01
2.527960812532422663e-01
1.825448691237309129e-01
1.243467602606226768e-01
2.332729260737456956e-01
7.419352056018485575e-02
1.196053671343933478e-01
1.087684920648249287e+00
4.653272428852732179e-01
1.715812982846528501e-01
1.614341711378429189e-01
2.122188339963918813e-01
2.520885053885782434e-01
2.941225821652063699e-01
1.513744139725842208e-01
3.449609483387775510e-01
1.654710577482857436e-01
2.580307369324855715e-01
8.453446811788463411e-02
1.414697689072388076e-01
5.032654199294928077e-01
6.365203915679447377e-02
1.672159207973336614e-01
9.782148964657652601e-02
7.950198948496907392e-02
1.334898580865162276e-01
1.505861244471062288e-01
2.049017087669997572e-01
2.589879000754923832e-01
1.115000778014158395e-01
1.608854323602849357e-01
3.386550274018834128e-01
3.515726436304337232e-01
1.570584275379099670e-01
1.661736583110035859e-01
