1.159880614862209391e+00
7.779964005074849753e-01
7.431390765236645102e-01
6.249459909229744259e-01
7.013023335759233090e-01
8.000101803279504598e-01
1.790114933397711772e+00
1.306460357293850016e+00
1.411813314368085104e+00
1.255624810370003397e+00
1.012085805578929687e+00
2.350485830772213625e+00
1.099255808969823223e+00
6.418179680888608934e-03
1.204107169743354744e+00
3.630756203721209108e+00
2.295639514923095703e+00
2.291227225850267946e+00
1.970974137143390870e+00
1.627979799014765971e+00
3.793856330034209634e+00
2.035505193035776816e+00
4.223257000853375409e+00
4.188625341508446454e+00
2.615998750052801025e+00
3.960651830929081463e+00
3.308691606289003051e+00
5.415951784064129804e+00
2.776159626681630410e+00
2.438825836995752727e+00
3.362141306807355345e+00
1.530152714197955399e+00
1.457518457276065105e+00
3.672077452264181030e+00
3.525082524229840697e+00
1.527953427739259684e+00
4.101224608537627603e+00
4.810986310970492674e+00
2.622791959018242025e+00
3.395387428562815391e+00
2.772512139343633830e+00
7.233002243972405765e+00
3.922268021397474325e+00
5.263499603038880537e+00
6.485413464104256676e+00
1.835704783113991434e+00
2.255264716904337607e+00
2.946740763943369590e+00
4.422657975336400149e+00
2.921631158851995647e+00
7.592111732901596355e+00
2.238620858366896282e+00
5.969664073571926188e+00
4.880766189679866862e+00
3.130360289862970102e+00
5.188281457598616697e+00
4.941480947703849935e+00
1.056254493899461622e+01
2.825362653267093016e+00
8.502226812083547358e+00
4.662968769306090167e+00
6.644287307087967775e+00
1.977566636099321151e+00
6.811866306677097249e+00
7.204672365653805421e+00
8.735490711723885582e+00
2.958153954366358196e+00
3.967228767348498941e+00
3.626749617297475137e+00
2.596471050890480470e+00
7.343362657035269692e+00
4.985268400936591959e+00
1.297288061369483048e+00
6.847789717883598470e+00
3.580180518510864829e+00
7.759941449979456785e+00
5.101682878122097087e+00
3.603701882246063803e+00
3.358672521463254679e+00
5.151939615970704267e+00
3.028516544074546957e+00
9.029673332121314289e+00
4.435059404954677653e+00
5.934258420292923830e+00
2.981999429260812295e+00
5.379242043669631101e+00
3.735171589909530354e+00
6.188551597478912925e+00
4.586411194103519939e+00
4.213484255278983071e+00
5.747533082962036133e+00
3.262205818804298829e+00
2.366665555209648275e+00
2.610216327556749594e+00
5.107738730384082437e+00
4.386343540214911130e+00
4.689296199054252767e+00
3.724328337646112264e+00
2.660507789472254192e+00
2.931225200978721190e+00
3.632752023092130411e+00
3.542554709969497395e+00
3.475223811661324991e+00
3.056223872958160115e+00
1.782347250275495565e+00
3.257394552230834961e+00
3.141904560531057822e+00
4.091202109779526808e+00
3.630290624572009683e+00
6.975694737783292076e+00
4.431068676273997475e+00
4.910432489906868980e+00
6.680521255586205243e+00
4.538354088620441651e+00
3.622909284219509196e+00
4.133643266631335855e+00
2.851623404316785848e+00
4.051041469341370771e+00
5.826997248137869789e+00
2.654630617397587322e+00
5.010879853876625489e+00
4.476361440449226237e+00
4.437153246344589519e+00
2.525083348518464721e+00
3.359087914955325438e+00
4.964337488500083495e+00
3.872292730866409016e+00
3.090878948932740844e+00
3.295114057820017539e+00
3.401147508039707112e+00
3.986373761805092286e+00
2.430021062129881226e+00
1.787966870680087972e+00
6.329431295394897461e+00
1.928643680200344157e+00
6.213289324830218341e+00
3.551237599878776408e+00
3.945037367867260336e+00
3.280890104247302652e+00
3.230455163048534750e+00
5.150835578034564044e+00
2.035144890226968872e+00
3.355264268270353067e+00
3.708660576401687337e+00
2.777131452793028199e+00
4.750028025813218591e+00
3.780063117422708618e+00
3.392262607085995363e+00
3.502622909662200357e+00
5.307848488412251875e+00
3.518121995576998007e+00
2.451356428425486289e+00
3.519129468173515463e+00
2.150379412057922934e+00
3.021479179219501709e+00
2.986199227775015341e+00
3.291760598740926635e+00
5.753449794722766519e+00
4.475018419870516517e+00
6.071850192256089684e+00
2.568412251588775064e+00
3.200602150544887614e+00
5.086246013641357422e+00
1.774922503203880453e+00
3.146959822352339398e+00
2.953286894937841023e+00
3.869157453862632323e+00
1.868245546410723490e+00
2.954857779712211752e+00
1.413886023185602081e+00
3.158888781942972290e+00
3.294325840182420695e+00
4.388328915689049481e+00
2.373798693098672974e+00
5.247272811284878991e+00
5.262211154146892333e+00
3.166120159916761434e+00
5.072707548374083331e+00
3.555578252164329101e+00
4.263285340332403806e+00
4.039254508367398522e+00
2.317768332434863687e+00
4.230026024143870522e+00
3.582237528591621256e+00
4.245983737271006753e+00
3.930324891718422364e+00
1.957721875935066080e+00
5.319958183823562115e-01
3.745297873892435181e+00
2.203787382419516216e+00
3.674197383043242837e+00
4.970343758420246338e+00
3.611234792848912800e+00
2.158265422938800526e+00
3.796597727915135945e+00
3.922687885237903238e+00
4.075357791854114176e+00
3.275870041149418377e+00
3.475730919256442952e+00
3.154877025906632770e+00
4.220174572816708825e+00
2.935601961321947062e+00
5.673554077381041338e+00
4.338196766812626670e+00
2.559319172690554200e+00
5.472673514994179200e+00
5.046388300453743980e+00
4.041684159418431399e+00
4.117413840642789147e+00
4.937929275559215903e+00
5.254389303486521889e+00
2.801411164969932699e+00
3.008945904126981485e+00
4.637113361823849367e+00
4.452652989364251468e+00
2.952436293043741333e+00
3.794482219509962118e+00
5.400182177380817627e+00
3.176441274038175333e+00
4.643906157191207029e+00
3.235942323033402790e+00
3.204800450765505015e+00
5.597690198479629231e+00
2.502112441310068380e+00
4.249816518731233117e+00
4.591298213819178464e+00
3.558848236392183839e+00
4.746755698832069825e+00
3.668179651586020995e+00
2.659545805396103191e+00
4.036084070438292315e+00
3.196408425889364135e+00
8.687973606877211097e+00
4.539332110707352541e+00
5.707326356957598712e+00
3.453018360021637534e+00
1.721025607934812296e+00
3.934937442221292603e+00
4.173833230646645021e+00
3.569235672311084961e+00
5.609293327098939130e+00
3.685487122070498778e+00
4.468627255137374021e+00
3.691515995234977865e+00
5.447683613474776365e+00
4.200773465924147132e+00
4.657446303018709877e+00
2.880003519174529458e+00
5.347531824577145265e+00
6.103423525647419190e+00
3.561987551247201456e+00
4.624919097598006346e+00
5.725114874723480796e+00
1.370492240096010894e+00
4.037104340588173912e+00
6.611118316650390625e+00
1.117779538398835815e+00
6.611384252222572755e+00
4.611294694063140298e+00
4.263011571837634683e+00
4.248960733413696289e+00
4.556036559546866371e+00
5.029460616228057290e+00
5.460014651461345458e+00
5.830964844401290037e+00
4.951735345328726723e+00
6.800602715189864256e+00
6.113237270494786380e+00
1.557206416275443095e+00
3.213733222426437663e+00
5.016089951119771406e+00
5.868031751818772790e+00
5.128004591639449217e+00
5.054818502286585691e+00
3.900896851609392701e+00
5.362629480478240396e+00
4.599894719652649400e+00
5.565068035590939211e+00
5.402635647029411459e+00
7.839955609019209959e+00
5.433079428789092447e+00
2.842149385591832722e+00
7.668128362516077878e+00
6.244116684285605956e+00
6.832075409772919272e+00
6.911645877652052405e+00
5.878970090935870196e+00
5.569723594479444984e+00
5.430681228637695312e+00
4.925800753802787924e+00
5.993020476364508298e+00
5.563823880218878415e+00
5.625239692083218834e+00
4.456126451492309570e+00
6.263681144249148680e+00
5.539728033833387855e+00
