8.273563792065876665e-01
7.479599001930981039e-01
6.955967879876857607e-01
5.382032881422740278e-01
5.584522035063766987e-01
3.417024910449981689e-01
1.063916611962202108e+00
6.938966163774815676e-01
5.585814278300215152e-01
6.479406407693537595e-01
5.226928322780423075e-01
6.428433525853041175e-01
4.125818744665238902e-01
1.948636050744936149e-03
5.282771841781895850e-01
7.637444785455378415e-01
3.480320565584229531e-01
2.381528074421533636e-01
3.125911060629821270e-01
9.804635213279142003e-02
4.478297329893926038e-01
1.437353060194631882e-01
3.156063934651816894e+00
6.149562215659676312e-01
4.640948117324492084e-01
3.832763845964176075e-01
1.727851924191160959e+00
3.806941004061117351e-01
2.786829137220615538e-01
7.783838008962026267e-01
2.788934413479959296e-01
1.196250024424843073e-01
1.393213160790321425e-01
1.967965386717057674e-01
2.422412254097985052e-01
2.344255097573850199e-01
9.879849146960711925e-02
4.413542344075877533e-01
3.243796738182626038e-01
2.628571276621120556e-01
2.763931957505098014e-01
6.197697538428190711e-01
2.688005395778795825e-01
2.684555852490408956e-01
3.296900062662799225e-01
9.215728052687353899e-02
2.160039640417913132e-01
3.004341023724253490e-01
3.973831389008498638e-01
1.567251578700251669e-01
2.853774348228443003e+00
2.000594757860753581e-01
1.334498407455479152e-01
1.132987255185115560e-01
8.736110503058426568e-02
1.898114019777716599e-01
1.708021020494037978e-01
5.056920011936709702e-01
1.202170417257925339e-01
2.585240964573330968e-01
4.089821175240525575e-01
2.870970792364238022e-01
7.890796830605079082e-01
1.324974026803563409e-01
2.640987780944603069e-01
1.256867780218116626e-01
3.751661712076606037e-01
2.082843515204220175e-01
2.459467327812822901e-01
3.016454729183418171e-01
8.681344666998129789e-01
2.974520450139918060e-01
1.041101388045495846e-01
1.192794198431528896e+00
2.052094747380512618e-01
1.121687183111179098e-01
2.408695657533116430e-01
1.907403476808856302e-01
1.601481908341733373e-01
2.873261085734134523e-01
2.520528863206868975e-01
6.449452346963125970e-01
2.159219639057793350e-01
6.163085659102696123e-01
1.031422245248061892e-01
2.663237386632983372e-01
1.971910228873262338e-01
8.431818576120748698e-01
2.586982847168678434e-01
2.424562610685825348e-01
2.315014276948825500e-01
1.274813710734611638e-01
2.711631463068287506e-01
3.056207726391532153e-01
3.820941748052108511e-01
2.750222405827627004e-01
3.333564570582494557e-01
2.094013667665421963e-01
1.668979980778403371e-01
1.667893496228427530e-01
3.016846534319040374e-01
2.923833293522276611e-01
3.559069070147304892e-01
2.782861624912517651e-01
1.435921002270245106e-01
3.303728114540984140e-01
1.714367838803587951e-01
2.593790073197607682e-01
3.076336447422097220e-01
7.258813903644317778e-01
3.580832717622198791e-01
2.670212949714169115e-01
3.984082912253897324e-01
1.651485556418575973e-01
1.867076258470372341e-01
4.513727861751870574e-01
3.060537207780814617e-01
2.803916754882510021e-01
5.646476194989390462e-01
1.192171670405603040e-01
3.753090824295834960e-01
1.661904257517762273e-01
1.796041717979966201e-01
2.062284366750135600e-01
2.124006541036977946e-01
2.264565180805398203e-01
2.362154685755873673e-01
1.307176730436522827e-01
1.935342683800405361e-01
1.331806251006882325e-01
2.722167321821538644e-01
1.713242672565506719e-01
1.943827913506183669e-01
2.777536803992783354e-01
1.604609233213634134e-01
5.439998562754381206e-01
1.249311079112131462e-01
3.470930497093898670e-01
1.676766489427991003e-01
1.407152046335906626e-01
3.677999942404467926e-01
1.593603046565520986e-01
2.175170420328291498e-01
1.772796554794739410e-01
2.057842093906024628e-01
2.480567453847071224e-01
3.203765674318164169e-01
2.379696454807389006e-01
2.806829480772338181e-01
4.600340976584248454e-01
2.499036270125609971e-01
2.044079147460984014e-01
3.019593777816469982e-01
1.782587881500991844e-01
2.651046082013990834e-01
1.614086010107179947e-01
1.541567524758780949e-01
5.814612471475834043e-01
2.367153928512934491e-01
5.500716556136201474e-01
2.119378557474148050e-01
1.958214989636184178e-01
3.886091338425147756e-01
9.240855399246622470e-02
1.948179404546574733e-01
2.157783764528065085e-01
7.423854833695946454e-01
2.061791763436503500e-01
2.936062005961813659e-01
6.716983057821181158e-02
8.566948201325608192e-02
1.728600078239673488e-01
2.400007064386111832e-01
2.063031474628099493e-01
3.135756799360601144e-01
6.181982435831209211e-01
2.731481755561218083e-01
5.189979116364222822e-01
2.765975305242691085e-01
2.634153121673479259e-01
3.642516223395743102e-01
1.744075096780207113e-01
3.406225652547507643e-01
1.845030498395605900e-01
2.941875563389280690e-01
3.088514017304632708e-01
1.392492571073334351e-01
3.728874270781511180e-02
3.747869217541159870e-01
3.151751784039888427e-01
2.634812471706692860e-01
4.053069814676191762e-01
3.647786865874034778e-01
1.667770477148090846e-01
3.312052030388901724e-01
3.023464316275061847e-01
3.554139186332865297e-01
2.807724484946669818e-01
2.228244849389827698e-01
2.247572888324900486e-01
3.294976085492568596e-01
2.350723052897104315e-01
3.035604462493211031e-01
3.378620774644177094e-01
1.560017404873378366e-01
3.104305490510674281e-01
4.720034486636882631e-01
3.221973170776192830e-01
2.357681106503416724e-01
4.691771340624588116e-01
2.635593181021693154e-01
1.870440938850728430e-01
1.974449023240950063e-01
2.423263274331253492e-01
1.058276776133514119e+00
2.837070967184334158e-01
2.631608587533530996e-01
3.136931265727048723e-01
3.440450574157805086e-01
5.164512319535743412e-01
1.396077212678103752e-01
3.028457009051812587e-01
3.044533904886054798e-01
1.556736259244200782e-01
3.170593946081836090e-01
2.679152757656283468e-01
3.778070819439230399e-01
3.703445012613040821e-01
2.236526618461783245e-01
1.994971610242273763e-01
3.453263807587507173e-01
1.650499821436114400e-01
4.468354066697562410e-01
4.008332919783708648e-01
4.934474410171189040e-01
1.955722202433318735e-01
1.620441809887202822e-01
3.190823639402302070e-01
3.253007396692182973e-01
2.218128756233831711e-01
3.737068530657469134e-01
1.322341691312187151e-01
2.808988337836614280e-01
4.320850110635524599e-01
3.030458687373051019e-01
2.438178188281088232e-01
4.585803231088126375e-01
1.695253516479236222e-01
3.557102818314621939e-01
2.804280813874268086e-01
2.620048504777071074e-01
2.695879355618139850e-01
4.143511972321969883e-01
2.333026933597355246e-01
2.687111361273110122e-01
2.669741369062671454e-01
6.231043136913064218e-02
5.031724663042440593e-01
4.666220404025984703e-01
2.378270789844597333e-01
2.676667592647235527e-01
4.490052825067101239e-01
1.793738565898909121e-01
3.363651578291887434e-01
4.968817768300451965e-01
1.840073596231820985e-01
5.278506323059157790e-01
3.927205266748986512e-01
1.733456583829914577e-01
1.581897884607315063e-01
3.877937383041148989e-01
2.891386399363599091e-01
3.835584616697416127e-01
2.382896685427645378e-01
2.078761543806006140e-01
3.081714167464070231e-01
3.574873219480562136e-01
3.093390730096072794e-01
1.804719195678466670e-01
4.490534635293531585e-01
4.304109364748001099e-01
1.979918602127127558e-01
9.766060731759885760e-01
2.912999545564738946e-01
4.969305108960082040e-01
8.484206330485459802e-01
3.288548851340282186e-01
3.814760751726968824e-01
3.080839077692206218e-01
1.935818562601414605e-01
4.483891042267403870e-01
3.073610105529064329e-01
1.279962487100331225e-01
1.567950993776321411e-01
4.939427575232779311e-01
3.944061206790005492e-01
